# cfh_batch: enumerating strict hypothesis-meeting (A,k) and certifying
# max_base=12, sizes [3, 5], k in [1, 2]
# A                              k   R        c*           T*           step    
  {3,4,5}                        1   1.083    79           625          4       
  {3,4,5}                        2   1.083    77613        390625       5       
  {3,4,6}                        1   1.033    986          4096         7       
  {3,4,6}                        2   1.033    242113       1594323      7       
  {3,4,5,6}                      1   1.283    2            16           4       
  {3,4,5,6}                      2   1.283    1068         1296         6       
  {3,4,5,7}                      1   1.25     22           49           4       
  {3,4,5,7}                      2   1.25     695          2187         4       
  {3,4,5,8}                      1   1.226    10           64           4       
  {3,4,5,8}                      2   1.226    1223         3125         4       
  {3,4,5,9}                      1   1.208    15           64           4       
  {3,4,5,9}                      2   1.208    3235         6561         5       
  {3,4,5,10}                     1   1.194    11           64           4       
  {3,4,5,10}                     2   1.194    1236         3125         6       
  {3,4,5,11}                     1   1.183    74           243          6       
  {3,4,5,11}                     2   1.183    2338         14641        4       
  {3,4,5,12}                     1   1.174    22           81           5       
  {3,4,5,12}                     2   1.174    2633         15625        4       
  {3,4,6,7}                      1   1.2      24           49           6       
  {3,4,6,7}                      2   1.2      2062         4096         6       
  {3,4,6,8}                      1   1.176    5            16           6       
  {3,4,6,8}                      2   1.176    6342         16384        6       
  {3,4,6,9}                      1   1.158    17           64           6       
  {3,4,6,9}                      2   1.158    7405         16384        6       
  {3,4,6,10}                     1   1.144    24           81           5       
  {3,4,6,10}                     2   1.144    5690         16384        6       
  {3,4,6,11}                     1   1.133    8            16           6       
  {3,4,6,11}                     2   1.133    2174         6561         5       
  {3,4,6,12}                     1   1.124    17           64           6       
  {3,4,6,12}                     2   1.124    4182         16384        6       
  {3,4,7,8}                      1   1.143    6            16           6       
  {3,4,7,8}                      2   1.143    2642         16384        4       
  {3,4,7,9}                      1   1.125    51           81           7       
  {3,4,7,9}                      2   1.125    16567        117649       7       
  {3,4,7,10}                     1   1.111    18           81           7       
  {3,4,7,10}                     2   1.111    4044         16384        6       
  {3,4,7,11}                     1   1.1      44           81           7       
  {3,4,7,11}                     2   1.1      3355         59049        6       
  {3,4,7,12}                     1   1.091    82           243          6       
  {3,4,7,12}                     2   1.091    17261        117649       7       
  {3,4,8,9}                      1   1.101    78           512          5       
  {3,4,8,9}                      2   1.101    21349        177147       5       
  {3,4,8,10}                     1   1.087    6            64           4       
  {3,4,8,10}                     2   1.087    7351         32768        7       
  {3,4,8,11}                     1   1.076    10           81           8       
  {3,4,8,11}                     2   1.076    15984        32768        7       
  {3,4,8,12}                     1   1.067    150          512          7       
  {3,4,8,12}                     2   1.067    22662        59049        7       
  {3,4,9,10}                     1   1.069    79           243          7       
  {3,4,9,10}                     2   1.069    65009        100000       8       
  {3,4,9,11}                     1   1.058    74           243          7       
  {3,4,9,11}                     2   1.058    70465        177147       7       
  {3,4,9,12}                     1   1.049    879          4096         9       
  {3,4,9,12}                     2   1.049    63989        531441       8       
  {3,4,10,11}                    1   1.044    72           243          8       
  {3,4,10,11}                    2   1.044    15602        100000       9       
  {3,4,10,12}                    1   1.035    82           243          9       
  {3,4,10,12}                    2   1.035    6766         59049        7       
  {3,4,11,12}                    1   1.024    86           243          9       
  {3,4,11,12}                    2   1.024    16896        161051       8       
  {3,5,6,7}                      1   1.117    29           49           7       
  {3,5,6,7}                      2   1.117    2318         6561         5       
  {3,5,6,8}                      1   1.093    29           81           7       
  {3,5,6,8}                      2   1.093    5740         15625        6       
  {3,5,6,9}                      1   1.075    22           216          7       
  {3,5,6,9}                      2   1.075    51882        177147       7       
  {3,5,6,10}                     1   1.061    29           216          8       
  {3,5,6,10}                     2   1.061    9354         46656        6       
  {3,5,6,11}                     1   1.05     24           216          8       
  {3,5,6,11}                     2   1.05     15207        161051       8       
  {3,5,6,12}                     1   1.041    22           216          8       
  {3,5,6,12}                     2   1.041    17565        177147       8       
  {3,5,7,8}                      1   1.06     53           81           7       
  {3,5,7,8}                      2   1.06     3044         32768        8       
  {3,5,7,9}                      1   1.042    112          343          9       
  {3,5,7,9}                      2   1.042    77373        390625       6       
  {3,5,7,10}                     1   1.028    23           81           8       
  {3,5,7,10}                     2   1.028    15411        100000       9       
  {3,5,7,11}                     1   1.017    31           243          9       
  {3,5,7,11}                     2   1.017    17012        117649       11      
  {3,5,7,12}                     1   1.008    131          343          12      
  {3,5,7,12}                     2   1.008    75679        177147       12      
  {3,5,8,9}                      1   1.018    88           729          12      
  {3,5,8,9}                      2   1.018    61691        390625       11      
  {3,5,8,10}                     1   1.004    58           512          12      
  {3,5,8,10}                     2   1.004    16215        59049        12      
  {3,6,7,8}                      1   1.01     32           216          11      
  {3,6,7,8}                      2   1.01     20544        46656        12      
  {3,4,5,6,7}                    1   1.45     2            16           5       
  {3,4,5,6,7}                    2   1.45     312          343          5       
  {3,4,5,6,8}                    1   1.426    2            16           4       
  {3,4,5,6,8}                    2   1.426    516          729          5       
  {3,4,5,6,9}                    1   1.408    2            16           5       
  {3,4,5,6,9}                    2   1.408    852          1296         6       
  {3,4,5,6,10}                   1   1.394    2            16           5       
  {3,4,5,6,10}                   2   1.394    925          1296         6       
  {3,4,5,6,11}                   1   1.383    2            16           5       
  {3,4,5,6,11}                   2   1.383    419          729          5       
  {3,4,5,6,12}                   1   1.374    2            16           5       
  {3,4,5,6,12}                   2   1.374    327          729          6       
  {3,4,5,7,8}                    1   1.393    6            16           6       
  {3,4,5,7,8}                    2   1.393    391          729          7       
  {3,4,5,7,9}                    1   1.375    6            16           5       
  {3,4,5,7,9}                    2   1.375    391          729          6       
  {3,4,5,7,10}                   1   1.361    6            16           5       
  {3,4,5,7,10}                   2   1.361    327          729          6       
  {3,4,5,7,11}                   1   1.35     6            16           6       
  {3,4,5,7,11}                   2   1.35     325          343          5       
  {3,4,5,7,12}                   1   1.341    6            16           6       
  {3,4,5,7,12}                   2   1.341    287          343          5       
  {3,4,5,8,9}                    1   1.351    10           25           6       
  {3,4,5,8,9}                    2   1.351    736          2187         6       
  {3,4,5,8,10}                   1   1.337    6            16           6       
  {3,4,5,8,10}                   2   1.337    591          2187         5       
  {3,4,5,8,11}                   1   1.326    10           16           6       
  {3,4,5,8,11}                   2   1.326    824          1331         6       
  {3,4,5,8,12}                   1   1.317    10           16           6       
  {3,4,5,8,12}                   2   1.317    719          729          7       
  {3,4,5,9,10}                   1   1.319    11           25           6       
  {3,4,5,9,10}                   2   1.319    898          2187         5       
  {3,4,5,9,11}                   1   1.308    10           16           6       
  {3,4,5,9,11}                   2   1.308    913          1331         6       
  {3,4,5,9,12}                   1   1.299    11           16           6       
  {3,4,5,9,12}                   2   1.299    977          1728         6       
  {3,4,5,10,11}                  1   1.294    6            16           6       
  {3,4,5,10,11}                  2   1.294    928          1331         6       
  {3,4,5,10,12}                  1   1.285    11           16           6       
  {3,4,5,10,12}                  2   1.285    880          1728         5       
  {3,4,5,11,12}                  1   1.274    22           64           5       
  {3,4,5,11,12}                  2   1.274    664          1331         6       
  {3,4,6,7,8}                    1   1.343    5            16           6       
  {3,4,6,7,8}                    2   1.343    574          1296         6       
  {3,4,6,7,9}                    1   1.325    8            16           7       
  {3,4,6,7,9}                    2   1.325    420          1296         7       
  {3,4,6,7,10}                   1   1.311    8            16           6       
  {3,4,6,7,10}                   2   1.311    1013         1296         6       
  {3,4,6,7,11}                   1   1.3      8            16           6       
  {3,4,6,7,11}                   2   1.3      541          1296         5       
  {3,4,6,7,12}                   1   1.291    8            16           6       
  {3,4,6,7,12}                   2   1.291    442          1296         6       
  {3,4,6,8,9}                    1   1.301    5            16           7       
  {3,4,6,8,9}                    2   1.301    1086         1296         7       
  {3,4,6,8,10}                   1   1.287    5            16           7       
  {3,4,6,8,10}                   2   1.287    1186         1296         7       
  {3,4,6,8,11}                   1   1.276    5            16           6       
  {3,4,6,8,11}                   2   1.276    743          1296         6       
  {3,4,6,8,12}                   1   1.267    5            16           6       
  {3,4,6,8,12}                   2   1.267    1086         4096         5       
  {3,4,6,9,10}                   1   1.269    11           16           7       
  {3,4,6,9,10}                   2   1.269    1122         1296         7       
  {3,4,6,9,11}                   1   1.258    8            16           7       
  {3,4,6,9,11}                   2   1.258    1095         1296         7       
  {3,4,6,9,12}                   1   1.249    17           64           7       
  {3,4,6,9,12}                   2   1.249    2535         6561         6       
  {3,4,6,10,11}                  1   1.244    8            16           7       
  {3,4,6,10,11}                  2   1.244    1159         1296         7       
  {3,4,6,10,12}                  1   1.235    11           16           7       
  {3,4,6,10,12}                  2   1.235    1263         4096         7       
  {3,4,6,11,12}                  1   1.224    8            16           7       
  {3,4,6,11,12}                  2   1.224    1171         4096         7       
  {3,4,7,8,9}                    1   1.268    6            16           7       
  {3,4,7,8,9}                    2   1.268    951          2187         6       
  {3,4,7,8,10}                   1   1.254    6            16           7       
  {3,4,7,8,10}                   2   1.254    834          2187         5       
  {3,4,7,8,11}                   1   1.243    6            16           7       
  {3,4,7,8,11}                   2   1.243    1090         1331         6       
  {3,4,7,8,12}                   1   1.234    6            16           6       
  {3,4,7,8,12}                   2   1.234    1095         4096         7       
  {3,4,7,9,10}                   1   1.236    15           27           6       
  {3,4,7,9,10}                   2   1.236    1135         2187         6       
  {3,4,7,9,11}                   1   1.225    17           49           5       
  {3,4,7,9,11}                   2   1.225    1616         4096         7       
  {3,4,7,9,12}                   1   1.216    17           49           5       
  {3,4,7,9,12}                   2   1.216    1279         4096         7       
  {3,4,7,10,11}                  1   1.211    8            16           7       
  {3,4,7,10,11}                  2   1.211    1168         1331         6       
  {3,4,7,10,12}                  1   1.202    18           49           5       
  {3,4,7,10,12}                  2   1.202    1785         4096         7       
  {3,4,7,11,12}                  1   1.191    17           27           6       
  {3,4,7,11,12}                  2   1.191    1442         4096         7       
  {3,4,8,9,10}                   1   1.212    6            64           5       
  {3,4,8,9,10}                   2   1.212    1123         2187         6       
  {3,4,8,9,11}                   1   1.201    10           64           5       
  {3,4,8,9,11}                   2   1.201    2282         6561         6       
  {3,4,8,9,12}                   1   1.192    78           243          6       
  {3,4,8,9,12}                   2   1.192    4019         16384        7       
  {3,4,8,10,11}                  1   1.187    6            64           5       
  {3,4,8,10,11}                  2   1.187    1071         1331         7       
  {3,4,8,10,12}                  1   1.178    6            64           5       
  {3,4,8,10,12}                  2   1.178    1698         4096         7       
  {3,4,8,11,12}                  1   1.167    10           64           5       
  {3,4,8,11,12}                  2   1.167    3074         14641        5       
  {3,4,9,10,11}                  1   1.169    8            64           5       
  {3,4,9,10,11}                  2   1.169    1864         4096         7       
  {3,4,9,10,12}                  1   1.16     11           64           5       
  {3,4,9,10,12}                  2   1.16     1806         4096         7       
  {3,4,9,11,12}                  1   1.149    74           243          8       
  {3,4,9,11,12}                  2   1.149    2426         6561         6       
  {3,4,10,11,12}                 1   1.135    8            64           6       
  {3,4,10,11,12}                 2   1.135    1887         4096         7       
  {3,5,6,7,8}                    1   1.26     4            25           5       
  {3,5,6,7,8}                    2   1.26     679          729          6       
  {3,5,6,7,9}                    1   1.242    4            25           6       
  {3,5,6,7,9}                    2   1.242    663          1296         7       
  {3,5,6,7,10}                   1   1.228    4            25           5       
  {3,5,6,7,10}                   2   1.228    934          1296         7       
  {3,5,6,7,11}                   1   1.217    4            25           5       
  {3,5,6,7,11}                   2   1.217    982          6561         6       
  {3,5,6,7,12}                   1   1.208    4            25           5       
  {3,5,6,7,12}                   2   1.208    1077         6561         6       
  {3,5,6,8,9}                    1   1.218    10           64           6       
  {3,5,6,8,9}                    2   1.218    1409         3125         6       
  {3,5,6,8,10}                   1   1.204    7            25           6       
  {3,5,6,8,10}                   2   1.204    2344         6561         6       
  {3,5,6,8,11}                   1   1.193    21           64           6       
  {3,5,6,8,11}                   2   1.193    1337         3125         7       
  {3,5,6,8,12}                   1   1.184    10           64           6       
  {3,5,6,8,12}                   2   1.184    1553         3125         7       
  {3,5,6,9,10}                   1   1.186    7            25           6       
  {3,5,6,9,10}                   2   1.186    1626         6561         6       
  {3,5,6,9,11}                   1   1.175    13           81           6       
  {3,5,6,9,11}                   2   1.175    2889         14641        7       
  {3,5,6,9,12}                   1   1.166    22           81           6       
  {3,5,6,9,12}                   2   1.166    9950         46656        6       
  {3,5,6,10,11}                  1   1.161    7            25           7       
  {3,5,6,10,11}                  2   1.161    1289         6561         6       
  {3,5,6,10,12}                  1   1.152    7            25           7       
  {3,5,6,10,12}                  2   1.152    1824         6561         6       
  {3,5,6,11,12}                  1   1.141    13           81           6       
  {3,5,6,11,12}                  2   1.141    1679         6561         6       
  {3,5,7,8,9}                    1   1.185    6            25           6       
  {3,5,7,8,9}                    2   1.185    1160         3125         7       
  {3,5,7,8,10}                   1   1.171    6            25           7       
  {3,5,7,8,10}                   2   1.171    1192         3125         7       
  {3,5,7,8,11}                   1   1.16     6            25           7       
  {3,5,7,8,11}                   2   1.16     1355         3125         8       
  {3,5,7,8,12}                   1   1.15     6            25           7       
  {3,5,7,8,12}                   2   1.15     2371         3125         8       
  {3,5,7,9,10}                   1   1.153    11           49           6       
  {3,5,7,9,10}                   2   1.153    3019         15625        8       
  {3,5,7,9,11}                   1   1.142    31           81           6       
  {3,5,7,9,11}                   2   1.142    1665         6561         6       
  {3,5,7,9,12}                   1   1.133    13           49           7       
  {3,5,7,9,12}                   2   1.133    2521         6561         6       
  {3,5,7,10,11}                  1   1.128    6            25           7       
  {3,5,7,10,11}                  2   1.128    2568         6561         6       
  {3,5,7,10,12}                  1   1.119    23           49           7       
  {3,5,7,10,12}                  2   1.119    2409         6561         6       
  {3,5,7,11,12}                  1   1.108    13           49           7       
  {3,5,7,11,12}                  2   1.108    1846         14641        5       
  {3,5,8,9,10}                   1   1.129    7            25           7       
  {3,5,8,9,10}                   2   1.129    3660         15625        7       
  {3,5,8,9,11}                   1   1.118    15           64           6       
  {3,5,8,9,11}                   2   1.118    3500         6561         8       
  {3,5,8,9,12}                   1   1.109    19           81           9       
  {3,5,8,9,12}                   2   1.109    5344         15625        7       
  {3,5,8,10,11}                  1   1.104    7            25           8       
  {3,5,8,10,11}                  2   1.104    2119         6561         7       
  {3,5,8,10,12}                  1   1.095    7            25           8       
  {3,5,8,10,12}                  2   1.095    2884         6561         8       
  {3,5,8,11,12}                  1   1.084    82           512          8       
  {3,5,8,11,12}                  2   1.084    2075         3125         8       
  {3,5,9,10,11}                  1   1.086    7            81           6       
  {3,5,9,10,11}                  2   1.086    10353        59049        6       
  {3,5,9,10,12}                  1   1.077    16           625          7       
  {3,5,9,10,12}                  2   1.077    11337        59049        7       
  {3,5,9,11,12}                  1   1.066    103          625          7       
  {3,5,9,11,12}                  2   1.066    14019        59049        9       
  {3,5,10,11,12}                 1   1.052    7            81           6       
  {3,5,10,11,12}                 2   1.052    2284         6561         8       
  {3,6,7,8,9}                    1   1.135    5            27           6       
  {3,6,7,8,9}                    2   1.135    3112         6561         7       
  {3,6,7,8,10}                   1   1.121    5            27           6       
  {3,6,7,8,10}                   2   1.121    2519         4096         7       
  {3,6,7,8,11}                   1   1.11     5            27           6       
  {3,6,7,8,11}                   2   1.11     2463         4096         8       
  {3,6,7,8,12}                   1   1.1      5            27           7       
  {3,6,7,8,12}                   2   1.1      3534         6561         8       
  {3,6,7,9,10}                   1   1.103    14           49           7       
  {3,6,7,9,10}                   2   1.103    9242         16807        8       
  {3,6,7,9,11}                   1   1.092    8            27           8       
  {3,6,7,9,11}                   2   1.092    10041        46656        7       
  {3,6,7,9,12}                   1   1.083    53           216          9       
  {3,6,7,9,12}                   2   1.083    25332        117649       8       
  {3,6,7,10,11}                  1   1.078    8            27           8       
  {3,6,7,10,11}                  2   1.078    2392         14641        9       
  {3,6,7,10,12}                  1   1.069    14           49           8       
  {3,6,7,10,12}                  2   1.069    9160         46656        8       
  {3,6,7,11,12}                  1   1.058    8            27           9       
  {3,6,7,11,12}                  2   1.058    15444        46656        9       
  {3,6,8,9,10}                   1   1.079    7            27           8       
  {3,6,8,9,10}                   2   1.079    1075804      4782969      8       
  {3,6,8,9,11}                   1   1.068    16           64           9       
  {3,6,8,9,11}                   2   1.068    14740        32768        8       
  {3,6,8,9,12}                   1   1.059    61           216          9       
  {3,6,8,9,12}                   2   1.059    499151291    1073741824   9       
  {3,6,8,10,11}                  1   1.054    7            27           8       
  {3,6,8,10,11}                  2   1.054    6839         14641        10      
  {3,6,8,10,12}                  1   1.045    7            27           9       
  {3,6,8,10,12}                  2   1.045    295422       531441       10      
  {3,6,8,11,12}                  1   1.034    16           64           10      
  {3,6,8,11,12}                  2   1.034    12192        20736        10      
  {3,6,9,10,11}                  1   1.036    8            27           10      
  {3,6,9,10,11}                  2   1.036    15424        100000       10      
  {3,6,9,10,12}                  1   1.027    107          729          9       
  {3,6,9,10,12}                  2   1.027    —          —          —       (no cert)
  {3,6,9,11,12}                  1   1.016    118          729          10      
  {3,6,9,11,12}                  2   1.016    167126       531441       12      
  {3,6,10,11,12}                 1   1.002    8            27           18      
  {3,6,10,11,12}                 2   1.002    15605        46656        18      
  {3,7,8,9,10}                   1   1.046    50           81           11      
  {3,7,8,9,10}                   2   1.046    9789         32768        10      
  {3,7,8,9,11}                   1   1.035    13           81           11      
  {3,7,8,9,11}                   2   1.035    14457        32768        10      
  {3,7,8,9,12}                   1   1.025    62           243          11      
  {3,7,8,9,12}                   2   1.025    17749        20736        12      
  {3,7,8,10,11}                  1   1.021    6            27           11      
  {3,7,8,10,11}                  2   1.021    3261         6561         12      
  {3,7,8,10,12}                  1   1.012    14           81           13      
  {3,7,8,10,12}                  2   1.012    3319         6561         13      
  {3,7,8,11,12}                  1   1        25           81           24      
  {3,7,8,11,12}                  2   1        4173         20736        22      
  {3,7,9,10,11}                  1   1.003    15           81           17      
  {3,7,9,10,11}                  2   1.003    15288        100000       16      
  {4,5,6,7,8}                    1   1.093    3            16           8       
  {4,5,6,7,8}                    2   1.093    2368         15625        7       
  {4,5,6,7,9}                    1   1.075    8            25           9       
  {4,5,6,7,9}                    2   1.075    1679         3125         8       
  {4,5,6,7,10}                   1   1.061    24           49           10      
  {4,5,6,7,10}                   2   1.061    2524         7776         9       
  {4,5,6,7,11}                   1   1.05     19           121          9       
  {4,5,6,7,11}                   2   1.05     3328         7776         9       
  {4,5,6,7,12}                   1   1.041    14           49           10      
  {4,5,6,7,12}                   2   1.041    2900         15625        8       
  {4,5,6,8,9}                    1   1.051    7            25           9       
  {4,5,6,8,9}                    2   1.051    4706         15625        10      
  {4,5,6,8,10}                   1   1.037    7            16           10      
  {4,5,6,8,10}                   2   1.037    12772        32768        9       
  {4,5,6,8,11}                   1   1.026    7            16           11      
  {4,5,6,8,11}                   2   1.026    3720         7776         12      
  {4,5,6,8,12}                   1   1.017    7            16           13      
  {4,5,6,8,12}                   2   1.017    8296         20736        14      
  {4,5,6,9,10}                   1   1.019    33           81           12      
  {4,5,6,9,10}                   2   1.019    8070         15625        13      
  {4,5,6,9,11}                   1   1.008    48           216          14      
  {4,5,6,9,11}                   2   1.008    3736         14641        13      
  {4,5,7,8,9}                    1   1.018    10           25           12      
  {4,5,7,8,9}                    2   1.018    4122         15625        11      
  {4,5,7,8,10}                   1   1.004    6            16           17      
  {4,5,7,8,10}                   2   1.004    4376         15625        16      

# summary: 350 strict hypothesis-meeting cases tested.
#          349 verified (Erdos 124 unconditionally certified)
#          1 failed verification
#          10.13s elapsed
