# sunit_general (batch): exact-critical hypothesis-meeting (A,k)
# max_base=30, sizes [2, 6], k in [1, 3]
# A                              k   R        c*           T*           mult-pair   
  {3,4,7}                        1   1        8            16           (3,4)       
  {3,4,7}                        2   1        371          343          (3,4)       
  {3,4,7}                        3   1        35441        59049        (3,4)       
  {3,4,9,25}                     1   1        24           16           (3,4)       
  {3,4,9,25}                     2   1        1939         2187         (3,4)       
  {3,4,9,25}                     3   1        19090        16384        (3,4)       
  {3,4,10,19}                    1   1        21           16           (3,4)       
  {3,4,10,19}                    2   1        576          729          (3,4)       
  {3,4,10,19}                    3   1        96886        100000       (3,4)       
  {3,4,11,16}                    1   1        26           27           (3,4)       
  {3,4,11,16}                    2   1        533          729          (3,4)       
  {3,4,11,16}                    3   1        35698        59049        (3,4)       
  {3,5,6,21}                     1   1        22           81           (3,5)       
  {3,5,6,21}                     2   1        599          625          (3,5)       
  {3,5,6,21}                     3   1        125693       177147       (3,5)       
  {3,5,7,13}                     1   1        11           25           (3,5)       
  {3,5,7,13}                     2   1        241          243          (3,5)       
  {3,5,7,13}                     3   1        6040         6561         (3,5)       
  {3,4,13,22,29}                 1   1        43           27           (3,4)       
  {3,4,13,22,29}                 2   1        1968         2187         (3,4)       
  {3,4,13,22,29}                 3   1        44283        28561        (3,4)       
  {3,5,7,22,29}                  1   1        35           25           (3,5)       
  {3,5,7,22,29}                  2   1        941          343          (3,5)       
  {3,5,7,22,29}                  3   1        120360       117649       (3,5)       
  {3,5,8,15,29}                  1   1        33           25           (3,5)       
  {3,5,8,15,29}                  2   1        1386         729          (3,5)       
  {3,5,8,15,29}                  3   1        57074        50625        (3,5)       
  {3,5,9,13,25}                  1   1        29           81           (3,5)       
  {3,5,9,13,25}                  2   1        3790         3125         (3,5)       
  {3,5,9,13,25}                  3   1        238019       371293       (3,5)       
  {3,5,10,13,19}                 1   1        20           25           (3,5)       
  {3,5,10,13,19}                 2   1        880          729          (3,5)       
  {3,5,10,13,19}                 3   1        117346       100000       (3,5)       
  {3,5,11,13,16}                 1   1        26           25           (3,5)       
  {3,5,11,13,16}                 2   1        289          27           (3,5)       
  {3,5,11,13,16}                 3   1        151260       161051       (3,5)       
  {3,6,7,13,21}                  1   1        17           27           (3,6)       
  {3,6,7,13,21}                  2   1        1167         1296         (3,6)       
  {3,6,7,13,21}                  3   1        16658        16807        (3,6)       
  {4,5,6,7,21}                   1   1        20           16           (4,5)       
  {4,5,6,7,21}                   2   1        3344         3125         (4,5)       
  {4,5,6,7,21}                   3   1        39709        46656        (4,5)       
  {3,5,9,22,25,29}               1   1        49           25           (3,5)       
  {3,5,9,22,25,29}               2   1        1269         625          (3,5)       
  {3,5,9,22,25,29}               3   1        357285       390625       (3,5)       
  {3,5,10,19,22,29}              1   1        45           25           (3,5)       
  {3,5,10,19,22,29}              2   1        1025         243          (3,5)       
  {3,5,10,19,22,29}              3   1        119529       100000       (3,5)       
  {3,5,11,16,22,29}              1   1        26           25           (3,5)       
  {3,5,11,16,22,29}              2   1        1105         625          (3,5)       
  {3,5,11,16,22,29}              3   1        153409       161051       (3,5)       
  {3,6,7,21,22,29}               1   1        26           27           (3,6)       
  {3,6,7,21,22,29}               2   1        1212         343          (3,6)       
  {3,6,7,21,22,29}               3   1        104175       117649       (3,6)       
  {3,6,8,15,21,29}               1   1        34           27           (3,6)       
  {3,6,8,15,21,29}               2   1        28825        24389        (3,6)       
  {3,6,8,15,21,29}               3   1        30373        19683        (3,6)       
  {3,6,9,13,21,25}               1   1        35           27           (3,6)       
  {3,6,9,13,21,25}               2   1        19608        15625        (3,6)       
  {3,6,9,13,21,25}               3   1        1371423      1594323      (3,6)       
  {3,6,10,13,19,21}              1   1        20           27           (3,6)       
  {3,6,10,13,19,21}              2   1        4543         6561         (3,6)       
  {3,6,10,13,19,21}              3   1        34056        28561        (3,6)       
  {3,6,11,13,16,21}              1   1        10           27           (3,6)       
  {3,6,11,13,16,21}              2   1        2552         4096         (3,6)       
  {3,6,11,13,16,21}              3   1        135060       161051       (3,6)       
  {3,7,8,13,15,29}               1   1        14           27           (3,7)       
  {3,7,8,13,15,29}               2   1        1626         2187         (3,7)       
  {3,7,8,13,15,29}               3   1        41813        28561        (3,7)       
  {3,7,9,10,19,25}               1   1        33           27           (3,7)       
  {3,7,9,10,19,25}               2   1        2182         2187         (3,7)       
  {3,7,9,10,19,25}               3   1        277884       177147       (3,7)       
  {3,7,9,11,16,25}               1   1        49           49           (3,7)       
  {3,7,9,11,16,25}               2   1        623          243          (3,7)       
  {3,7,9,11,16,25}               3   1        277186       177147       (3,7)       
  {3,7,10,11,16,19}              1   1        15           27           (3,7)       
  {3,7,10,11,16,19}              2   1        460          81           (3,7)       
  {3,7,10,11,16,19}              3   1        43485        59049        (3,7)       
  {4,5,6,9,21,25}                1   1        33           16           (4,5)       
  {4,5,6,9,21,25}                2   1        704          216          (4,5)       
  {4,5,6,9,21,25}                3   1        165595       194481       (4,5)       
  {4,5,6,10,19,21}               1   1        22           16           (4,5)       
  {4,5,6,10,19,21}               2   1        520          125          (4,5)       
  {4,5,6,10,19,21}               3   1        22859        15625        (4,5)       
  {4,5,6,11,16,21}               1   1        29           16           (4,5)       
  {4,5,6,11,16,21}               2   1        775          625          (4,5)       
  {4,5,6,11,16,21}               3   1        16644        14641        (4,5)       
  {4,5,7,8,15,29}                1   1        25           16           (4,5)       
  {4,5,7,8,15,29}                2   1        2044         2401         (4,5)       
  {4,5,7,8,15,29}                3   1        160138       117649       (4,5)       
  {4,5,7,9,13,25}                1   1        28           16           (4,5)       
  {4,5,7,9,13,25}                2   1        703          343          (4,5)       
  {4,5,7,9,13,25}                3   1        217229       262144       (4,5)       
  {4,5,7,10,13,19}               1   1        8            16           (4,5)       
  {4,5,7,10,13,19}               2   1        1064         1000         (4,5)       
  {4,5,7,10,13,19}               3   1        16056        15625        (4,5)       
  {4,5,7,11,13,16}               1   1        26           16           (4,5)       
  {4,5,7,11,13,16}               2   1        1023         1024         (4,5)       
  {4,5,7,11,13,16}               3   1        9839         14641        (4,5)       

# summary: 99 exact-critical hypothesis-meeting cases
#          99 verified qualitatively (Erdős 124 via S-unit)
#          0 failed (no seed interval found within T <= 1e9)
#          0.20s elapsed
